
    matriz = [
        [0, 0, 3, 0, 0, 0, 0, 0, 0],
        [0, 8, 0, 0, 1, 7, 3, 6, 0],
        [0, 2, 0, 0, 9, 3, 0, 0, 8],
        [0, 5, 2, 0, 0, 0, 0, 0, 0],
        [0, 6, 4, 0, 0, 0, 1, 3, 0],
        [0, 0, 0, 0, 0, 0, 5, 4, 0],
        [1, 0, 0, 5, 7, 0, 0, 8, 0],
        [0, 7, 6, 1, 4, 0, 0, 2, 0],
        [0, 0, 0, 0, 0, 0, 7, 0, 0]
    ]

    matriz_resolvida = [
        [6, 9, 3,  8, 5, 4,  2, 7, 1],
        [4, 8, 5,  2, 1, 7,  3, 6, 9],
        [7, 2, 1,  6, 9, 3,  4, 5, 8],
        [3, 5, 2,  4, 6, 1,  8, 9, 7],
        [9, 6, 4,  7, 8, 5,  1, 3, 2],
        [8, 1, 7,  3, 2, 9,  5, 4, 6],
        [1, 3, 9,  5, 7, 2,  6, 8, 4],
        [5, 7, 6,  1, 4, 8,  9, 2, 3],
        [2, 4, 8,  9, 3, 6,  7, 1, 5]
    ]



